0,487
0,486
34,4
34,3
34,2
34,1
34,0
0,485
0,484
0,483
0,482
0,481
0,480
0,479
0,478
0,477
0,476
0,475
0,474
0,473
0,472
0,471
0,470
0,469
0,468
0,467
0,466
0,465
0,464
0,463
0,462
0,461
0,460
0,459
0,458
0,457
0,456
0,455
0,454
0,453
0,452
0,451
0,450
0,449
0,448
0,447
0,446
0,445
0,444
0,443
0,442
0,441
0,440
0,439
0,438
0,437
0,436
0,435
0,434
0,433
0,432
0,431
0,430
0,429
0,428
0,427
0,426
0,425
0,424
0,423
0,422
0,421
0,420
0,419
25,35
0,418
0,417
0,416
0,415
0,414
0,413
33,5
0,412
0,411
0,410
0,409
33,4
0,408
0,407
0,406
0,405
0,404
0,403
0,402
0,401
33,3
33,2
0,400
33,1
33,0
0,399
0,398
32,3
32,2
0,397
32,1
32,0
0,396
0,395
0,394
0,393
31,5
0,392
31,4
